345 295
438 238
488 224
492 258
511 260
509 245
529 241
556 249
561 269
587 270
625 250
631 228
644 240
643 223
662 231
672 224
660 204
681 196
685 209
703 216
723 190
733 194
738 204
724 209
748 216
766 198
777 204
773 221
782 234
788 239
798 236
804 248
830 247
845 240
854 246
857 258
876 269
904 277
910 293
897 304
892 328
869 354
869 364
880 374
882 381
935 386
938 397
953 398
961 419
978 423
959 442
966 454
993 461
993 486
1000 500
980 509
964 529
959 548
937 544
914 561
890 608
891 639
917 679
908 706
844 714
815 666
799 669
766 637
741 643
745 609
728 595
748 550
734 539
710 561
708 587
673 603
633 600
620 583
635 572
633 553
616 550
631 520
618 517
601 496
563 495
553 512
539 505
533 467
518 459
498 464
470 452
465 410
455 395
427 396
419 404
385 397
375 379
361 376
357 351
369 336