706 186
670 195
673 238
650 254
611 268
626 279
603 290
581 281
562 286
560 260
546 264
533 257
529 276
545 283
541 312
552 326
526 329
512 321
497 331
480 307
455 319
414 320
430 342
414 350
425 357
421 365
439 366
476 386
510 391
498 407
520 410
507 417
520 423
515 437
550 473
555 488
546 495
566 513
567 530
556 529
551 518
543 555
547 564
535 572
533 606
515 638
534 654
537 664
610 688
628 677
655 696
665 701
664 710
703 716
725 707
724 677
741 663
771 645
796 651
825 659
859 674
881 669
889 647
904 637
918 620
928 605
901 590
891 577
894 556
875 545
893 533
896 524
879 497
889 485
883 465
875 454
861 464
851 479
851 448
888 415
886 403
903 401
908 380
905 356
917 329
931 305
903 301
867 280
826 271
797 250
777 252
768 246
768 233
734 214