706 186
670 195
673 238
650 254
611 268
626 279
603 290
581 281
562 286
560 260
546 264
533 257
529 276
545 283
541 312
552 326
526 329
512 321
497 331
480 307
455 319
414 320
430 342
414 350
425 357
421 365
439 366
476 386
510 391
498 407
520 410
507 417
520 423
515 437
550 473
555 488
546 495
566 513
567 530
556 529
551 518
543 555
547 564
535 572
533 606
515 638
534 654
537 664
610 688
628 677
655 696
665 701
664 710
703 716
725 707
724 677
741 663
771 645
796 651
825 659
859 674
881 669
889 647
904 637
918 620
928 605
901 590
891 577
894 556
875 545
893 533
896 524
879 497
889 485
883 465
875 454
861 464
851 479
851 448
888 415
886 403
903 401
908 380
905 356
917 329
931 305
903 301
867 280
826 271
797 250
777 252
768 246
768 233
734 214
562 251
563 280
547 323
532 326
544 359
541 375
529 385
518 388
501 388
499 425
484 460
488 470
499 471
509 476
512 486
507 515
519 526
518 555
528 568
531 580
539 584
572 581
585 592
597 597
605 599
597 614
588 630
584 648
578 658
577 697
608 701
620 699
626 695
625 684
635 684
651 686
663 690
673 693
678 699
677 705
694 711
704 717
710 714
715 700
725 694
736 694
743 700
751 710
766 693
775 690
784 688
791 690
805 679
811 691
822 686
829 685
834 695
836 702
843 703
848 697
843 680
835 665
834 656
851 644
859 632
863 625
875 619
883 617
893 613
891 606
876 598
864 591
857 589
854 579
832 571
820 559
816 545
821 536
824 527
790 501
805 493
817 495
821 496
824 487
835 484
851 483
857 483
863 467
872 464
886 459
898 458
901 452
902 441
912 441
918 459
924 457
930 447
938 445
942 432
936 420
922 414
918 403
920 387
924 371
920 357
909 340
919 330
895 307
901 296
901 283
898 262
887 254
877 223
862 220
847 205
834 199
827 191
803 204
795 217
773 226
753 230
739 225
720 216
706 209
697 192
679 184
662 175
658 167
637 165
630 176
639 187
641 194
632 201
633 210
642 213
651 218
660 226
664 235
661 247
649 241
628 235
620 245
618 256
614 264
607 268
599 267
593 257
597 252
583 247
571 246
