611 438
616 454
619 465
618 476
614 487
607 494
602 503
598 513
596 525
592 537
589 551
587 559
581 571
572 578
564 585
559 597
557 612
553 620
550 632
546 636
543 672
532 673
532 683
528 688
519 694
517 701
530 703
542 703
548 704
546 696
557 703
562 693
569 694
575 696
579 700
580 707
585 711
589 714
596 708
603 709
610 707
609 698
616 695
623 699
625 700
625 688
629 687
636 686
633 657
642 647
638 633
648 636
646 647
650 651
657 651
655 640
665 640
674 636
680 633
681 622
688 622
693 625
699 618
705 612
709 607
709 597
715 594
724 589
734 587
742 581
747 574
746 563
747 559
756 557
761 554
768 553
775 550
775 542
769 534
754 531
748 527
740 525
746 517
752 512
750 501
760 485
770 480
782 471
791 466
800 460
808 464
815 467
820 464
823 455
830 457
839 462
846 466
856 468
862 465
864 459
858 450
846 444
836 440
833 437
845 416
855 408
867 401
874 393
880 392
886 395
893 393
896 388
895 377
904 370
913 358
918 351
927 347
927 338
918 334
915 315
912 303
902 297
897 294
898 287
906 285
908 279
900 270
889 263
879 259
873 259
874 247
867 244
856 246
847 247
840 245
847 240
858 236
867 233
863 223
862 216
867 213
877 221
882 216
881 207
881 197
868 201
857 202
850 199
846 193
847 187
836 190
837 200
832 205
821 207
803 205
783 202
767 207
759 204
746 202
752 223
754 232
751 239
744 244
732 246
729 256
723 262
714 264
702 261
703 270
705 279
693 284
684 285
680 295
678 304
675 310
665 315
660 327
660 339
657 348
654 357
656 366
660 377
663 385
663 393
661 398
655 401
651 404
662 412
656 416
648 417
645 427
645 433
644 439
638 442
628 441
621 436